50.0
53.36771518452336
53.239256290392305
52.092240491096184
48.19669508663741
45.101715347423166
45.68836141963651
44.7103701142905
48.25372011671178
45.751611917983695
42.31252753896368
45.15121921087548
49.594590698388146
44.86791751221057
48.59573935399081
53.45241509915557
51.29844371179015
55.15581310956517
56.55600192642681
51.79415969485207
56.03160975013212
52.431683777984205
52.03370332871628
55.71624067045232
50.927444492277544
50.450260664331495
51.16379727346466
47.22737473993808
50.35734684010669
53.6183419609565
49.78785102400736
52.156544593019774
55.59384141620083
57.06525169412348
55.30175300989282
55.76317734677219
52.71620308190313
52.9615750550547
49.73087431362083
46.0071384338884
44.59172673188355
49.02544816186679
44.724746210987945
43.60711065333658
45.119601426239754
41.02516595242389
37.47899762381062
34.7884575479541
37.27039775003458
37.807653104386574
39.13489930410432
44.053165114585724
44.19686951249778
47.6904947238286
52.19106260179106
54.79322587717266
52.1517684873209
56.11273424689539
52.77375215967095
55.93185986357658
56.25727571087205
56.134407039544996
60.87977227424923
56.891522328410666
52.07309310669809
54.9375208373279
54.89432742856488
56.11203070963056
51.4666766409497
46.47877721030225
48.304448677983956
51.84097915494537
55.255432953718554
52.093957487895814
54.15547544823281
56.16580002279557
58.231952867520256
58.066941556799165
58.225738603197264
60.19838593278703
56.82467502778022
55.8828985856282
57.300122493771674
60.36142236564271
61.97281517539366
61.623624905685794
64.61006407237319
62.56962155772187
59.67192341841561
57.824155430550626
61.13279192673971
61.52859431911995
60.87098353068011
62.94714927562196
59.31634161597442
54.80551804021303
49.88352217688589
51.50238892188809
52.9992518595548
48.34079151433042
47.48556787603302
47.98945054267395
48.83829404058291
48.168579762503136
52.74575929885582
56.44436651100047
59.23078014869125
54.69666245082917
57.92398465066845
57.958825441773826
56.96441472420337
53.68022832595796
55.77591518705236
57.397214840934815
60.30007016361779
62.741930470780424
66.97180147141037
66.18046374798088
69.12789526466312
72.64090768638691
73.4426161984527
69.55216630807271
73.66470907465816
70.61071768289904
67.9700659325323
71.43720389335918
67.07477819886728
65.88588505833435
63.22326724369901
67.67823362049592
68.13657103668668
63.654155938038656
65.68657134861351
68.22606042518642
68.02705285926989
71.99247590447561
70.31260742917786
65.61525958520241
62.298342837781775
62.946919992163856
65.18884175344732
60.5073994946675
62.85355866989828
58.925993489613234
58.38353665054339
54.74311384057136
51.07689761435609
46.78116330744149
42.34630648527164
41.401023345131314
40.82619560782546
40.53339918327462
41.904362219503774
39.35553231142312
35.43872371594979
37.39863675335258
38.25734093187521
36.66813961698427
40.4336738996199
45.17617805630918
40.207732779254435
40.1219716005479
35.24657194716194
38.72363211328489
37.42924083353796
39.338137531583
42.226913053448484
41.74130447652406
40.166586261781006
36.124259446352774
37.441227372577096
39.24614347633024
37.856270144123464
33.32592845288097
33.319046280643605
36.63129225133561
33.129727735764234
29.332977641369933
25.006318637367066
22.970391290742153
23.34474786544921
27.966955420440655
30.147904359177087
32.23777585365707
29.61677901605142
34.1817382129715
34.80804531880631
39.55563941103377
42.307715541380716
40.59501552300987
40.42471226087906
36.624522638211275
40.23029607028388
44.85087586644513
43.107926256205005
45.79301086804661
44.83369155312385
47.64327318007151
46.98262941831247
42.212535748083056
40.59163152747858
40.52372197514182
39.061607228161584
35.48137021566984
36.74344269542535
41.18850321485608
37.19425631163264
32.564085041185145
30.88902785708422
26.69749460305823
29.237856443768557
28.325806241203704
27.18405321816726
27.526637936894424
24.177157013521896
28.846475452558266
24.36895903690702
23.58549641519324
19.292251666238954
14.815670917956373
10.325899555200252
7.154614251363643
9.313633986213963
13.169204563046476
17.20444252065657
20.605392147693834
17.968108208391378
20.0184306785186
24.698277031349853
22.802357701783407
27.674326417642703
27.175403397853263
28.164743326014477
31.556552209994123
30.35285517166392
28.943160871999336
27.030632907863986
28.082481196949253
31.073858727373292
33.443994564795915
31.456912546657698
34.936598523308156
36.814770056139764
35.49467922750621
31.415804488044902
34.42143302158401
36.46515560027243
32.77281171126012
27.817350833807527
31.564433705581045
27.289350761803618
27.429654412403
28.951247808358254
29.780295061858233
31.535292551871024
30.590407823207734
29.546713098708807
33.433462788350646
28.534269966351452
27.060530659175512
28.774720285771703
25.464627874751553
28.44811915160757
26.377322021274416
25.706980845642263
23.54918235732389
21.756768936158835
22.64215039861432
26.628219566951095
31.381070513676924
36.09893476495982
35.3170847057977
33.08083881637285
34.10521456716487
33.098571759856085
34.39577333006174
37.58059479121216
35.73817068383664
33.64878717287401
37.5106712411545
32.78358310127788
29.980201687032338
31.36706743117933
33.205180189183274
37.01158818186824
40.30355601435313
44.194395921836815
44.07301838420929
41.69818484584997
46.510161259226535
50.51357224110465
50.955113290053006
46.006453276315526
47.85033986277089
44.76993976087435
42.650327140362776
37.94816341829322
38.61680588548453
43.21252774979523
44.93422124278477
41.365945366294454
43.201015779858636
43.946974197107146
40.63892157398793
42.772473795148855
38.02847897490528
38.52188498927434
36.79281016358214
36.49334899756379
32.562990298996056
36.849889900160356
32.185333491210145
33.12934160706338
29.75451453413297
26.287245879461363
23.114062190880826
25.496160528553258
26.791174032148803
26.22315339372147
22.468756433667913
25.05990933917871
28.640813209951613
25.28234768196905
21.05277335796945
24.05662026314983
23.077267127575666
23.696209788492347
21.074024410917275
22.373401674313207
24.355830732923394
23.46600321653929
19.741443376228226
17.932988303124212
20.23803310806445
23.104949058056153
20.977939215655642
24.574166782544737
22.056905003296233
23.24570711008646
18.467191908732346
15.190085292957164
12.236870644521503
15.318892014432311
18.20122122848639
20.506530192701355
17.155583064487413
17.766512957798295
14.2899777909808
11.80575742869097
15.965473067892855
14.339798567527026
12.267187819374342
8.100367216040919
8.148933720787568
3.5349979175775346
4.205893290740101
8.869960674277564
7.401992012396917
10.070527850551981
10.34486849295859
15.015958240699124
18.78779928263531
18.99564730146101
15.391064096496565
13.150783075798799
17.691184537611242
13.692467140067697
13.762224607652533
10.221789705469
7.347276930159828
5.684614414771107
1.989836103523209
6.216335744745851
4.489818797404952
9.337652747503485
13.54932997931005
15.535620373388005
16.936967740127017
21.320798688243087
20.868190813661126
20.926684242049703
20.01818709548303
22.988344806039862
27.090792804078568
25.982647904217714
25.913454702555672
28.61830140871256
25.50493795904335
25.446551878039916
25.859735119548112
24.887329130007558
29.58657045241509
29.48916778639655
29.00359950335747
33.09278985398218
33.541778274384285
30.611230374832246
30.198030000515125
25.610608238474057
25.92204288477715
24.364581041016137
19.494583485372857
17.98065253280021
13.387187240704895
18.315786342399925
15.165016102678697
11.37926500455962
16.34917123614057
21.113674801158446
22.812467134679867
17.844238307073557
21.789830891278296
22.746140308658422
18.55788885289933
17.043499311099264
18.176923759369025
19.48859032799683
16.985722434166732
14.699833896483149
12.328221390866203
13.587208991098311
9.19275380861589
12.534491169700628
17.23959330524919
21.786321429146952
17.114520428193643
18.68685071788037
19.650731364637963
22.01093133912313
20.82226373464333
18.534215962865556
19.124366179639967
20.866352817646177
19.704551377222675
15.290421944490003
12.254154669182443
14.699185061181648
18.08747856086661
17.542708035632813
19.26175422624163
16.957898096625556
19.890128724744006
22.133609100983538
25.504426928886794
22.19955265780772
20.805114181659086
18.73044687131093
22.786120309576688
27.739210324074634
29.92574710303743
26.845333946557847
29.357724060633657
24.846825978870122
28.176514193602898
27.602112800630298
25.930391551819845
27.633695200794435
29.036523002163037
27.32033001114099
30.881393064706927
27.85485823375355
25.56082652971326
27.704018243818155
31.927504452722705
36.186763493129575
40.303930851656986
39.0325565950057
40.77747647291793
39.04780504047437
34.43495469554006
33.227752517411695
32.48031999435639
29.85585740818201
33.25364816225543
37.03077214853906
35.52631491381404
39.05128748233309
37.37437279447646
36.03984914844374
35.99345526301651
31.89425242668761
35.34306895349006
33.15452996813798
33.332413030226896
29.47163685887569
31.859718099278936
26.87014104406461
22.55210839168322
24.166669234760487
25.160968788620217
23.606334511782862
21.151296089702534
22.387896030365788
